$GNGGA,050726.000,3850.2309,N,09447.3414,W,1,7,1.16,342.7,M,-30.0,M,,*71
$GPGSA,A,3,12,06,20,25,17,,,,,,,,1.47,1.16,0.90*09
$GLGSA,A,3,82,73,,,,,,,,,,,1.47,1.16,0.90*1D
$GNRMC,050726.000,A,3850.2309,N,09447.3414,W,0.03,12.82,261124,,,A*56
$GNVTG,12.82,T,,M,0.03,N,0.06,K,A*1F
$GNGGA,050727.000,3850.2311,N,09447.3415,W,1,7,1.16,342.7,M,-30.0,M,,*78
$GPGSA,A,3,12,06,20,25,17,,,,,,,,1.47,1.16,0.90*09
$GLGSA,A,3,82,73,,,,,,,,,,,1.47,1.16,0.90*1D
$GPGSV,4,1,14,11,78,314,,12,66,273,21,20,56,172,19,06,47,044,31*7C
$GPGSV,4,2,14,19,37,089,,25,30,311,26,05,23,190,15,17,12,101,15*7D
$GPGSV,4,3,14,22,07,152,19,09,07,071,16,24,05,230,,29,04,292,*79
$GPGSV,4,4,14,04,01,045,13,37,,,*4E
$GLGSV,3,1,09,83,57,345,,73,51,271,18,82,35,044,19,80,29,197,*60
$GLGSV,3,2,09,67,28,079,,74,26,323,,84,20,270,,68,16,130,*6D
$GLGSV,3,3,09,66,11,028,18*5F
$GNRMC,050727.000,A,3850.2311,N,09447.3415,W,0.07,12.82,261124,,,A*5B
$GNVTG,12.82,T,,M,0.07,N,0.13,K,A*1F
